[main]
border=4
x=0.85505124450952
text_offset=-0.0016041666666667
copy_samp_color=false
y=0.14453125
width=0.093704245973646
height=0.01953125
indent=0.0026041666666667
[font]
size=0.01171875
face=Tahoma
flag=5
[bg_colors]
armor=4281545523
breath=4279390295
pills=4283312985
health=4280944646
veh_health=4279312947
stamina=4279321617
food=4284564480
[main_colors]
border=4278190080
armor=4294967295
breath=4279224535
pills=4287570864
health=4294913558
veh_health=4286023833
stamina=4281597747
food=4294951168
